0 0.8984375 0.06015625 0.090625 0.0640625
0 0.2796875 0.22109375 0.353125 0.2359375
0 0.040625 0.03203125 0.08125 0.0609375
0 0.8390625 0.45859375 0.225 0.1390625
0 0.6203125 0.71796875 0.234375 0.1515625
0 0.04296875 0.8328125 0.0859375 0.1375
1 0.70546875 0.16875 0.1234375 0.096875
1 0.91171875 0.26484375 0.1203125 0.0703125
1 0.78984375 0.2578125 0.1109375 0.090625
1 0.653125 0.52109375 0.1625 0.1578125
1 0.3078125 0.3828125 0.171875 0.128125
1 0.4453125 0.73671875 0.15625 0.1015625
1 0.3546875 0.8703125 0.1125 0.08125
1 0.1421875 0.93984375 0.1875 0.1171875
1 0.8984375 0.9203125 0.184375 0.115625
1 0.93125 0.66171875 0.1375 0.0859375