0 0.06015625 0.1015625 0.0640625 0.09140625
0 0.22109375 0.7203125 0.2359375 0.35390625
0 0.03203125 0.959375 0.0609375 0.08125
0 0.45859375 0.1609375 0.1390625 0.225
0 0.71796875 0.3796875 0.1515625 0.23515625
0 0.8328125 0.95703125 0.13671875 0.0859375
1 0.16875 0.29453125 0.09765625 0.1234375
1 0.26484375 0.08828125 0.0703125 0.1203125
1 0.2578125 0.21015625 0.09140625 0.1109375
1 0.52109375 0.346875 0.1578125 0.1625
1 0.3828125 0.6921875 0.12734375 0.17265625
1 0.73671875 0.5546875 0.1015625 0.15546875
1 0.8703125 0.6453125 0.08125 0.1125
1 0.93984375 0.8578125 0.1171875 0.18671875
1 0.9203125 0.1015625 0.115625 0.18359375
1 0.66171875 0.06875 0.0859375 0.1375