0 0.1015625 0.93984375 0.090625 0.0640625
0 0.7203125 0.77890625 0.353125 0.2359375
0 0.959375 0.96796875 0.08125 0.0609375
0 0.1609375 0.54140625 0.225 0.1390625
0 0.3796875 0.28203125 0.234375 0.1515625
0 0.95703125 0.1671875 0.0859375 0.1375
1 0.29453125 0.83125 0.1234375 0.096875
1 0.08828125 0.73515625 0.1203125 0.0703125
1 0.21015625 0.7421875 0.1109375 0.090625
1 0.346875 0.47890625 0.1625 0.1578125
1 0.6921875 0.6171875 0.171875 0.128125
1 0.5546875 0.26328125 0.15625 0.1015625
1 0.6453125 0.1296875 0.1125 0.08125
1 0.8578125 0.06015625 0.1875 0.1171875
1 0.1015625 0.0796875 0.184375 0.115625
1 0.06875 0.33828125 0.1375 0.0859375