2 0.10859375 0.30625 0.1578125 0.12734375
2 0.271875 0.3015625 0.14453125 0.13984375
2 0.253125 0.4046875 0.12265625 0.13359375
2 0.3796875 0.46875 0.15546875 0.14765625
2 0.2203125 0.6953125 0.15625 0.16640625
2 0.35625 0.815625 0.15625 0.14375
2 0.5890625 0.0890625 0.15546875 0.15546875
2 0.83046875 0.334375 0.1734375 0.16015625
2 0.76875 0.5015625 0.13515625 0.16640625
2 0.82890625 0.72265625 0.1640625 0.1515625
2 0.740625 0.9125 0.15546875 0.17421875
2 0.85234375 0.96796875 0.2171875 0.0640625